[1] 1.000000e+02 3.883645e-04 2.707429e-05 1.785183e-06 1.145655e-07 7.255122e-09
[1] 2.000000e+02 4.989633e-03 3.914841e-04 2.731967e-05 1.802305e-06 1.156949e-07
[1] 3.000000e+02 2.001804e-02 1.774781e-03 1.313024e-04 8.909186e-06 5.798073e-07
[1] 4.000000e+02 4.985449e-02 5.004727e-03 3.930460e-04 2.744267e-05 1.810893e-06
[1] 5.000000e+02 9.564654e-02 1.087721e-02 9.077097e-04 6.524237e-05 4.365908e-06
[1] 6.000000e+02 1.557082e-01 2.004669e-02 1.778909e-03 1.316731e-04 8.936647e-06
[1] 7.000000e+02 2.265675e-01 3.296995e-02 3.112618e-03 2.373403e-04 1.633928e-05
[1] 8.000000e+02 3.040276e-01 4.988870e-02 5.012271e-03 3.938275e-04 2.750426e-05
[1] 9.000000e+02 3.839732e-01 7.083838e-02 7.574921e-03 6.134556e-04 4.346650e-05
[1] 1.000000e+03 4.628668e-01 9.567333e-02 1.088837e-02 9.090625e-04 6.535604e-05
[1] 1.100000e+03 5.379781e-01 1.241003e-01 1.502911e-02 1.293804e-03 9.438894e-05
[1] 1.200000e+03 6.074224e-01 1.557149e-01 2.006100e-02 1.780973e-03 1.318586e-04
[1] 1.300000e+03 6.700827e-01 1.900374e-01 2.603447e-02 2.383838e-03 1.791272e-04
[1] 1.400000e+03 7.254741e-01 2.265451e-01 3.298637e-02 3.115502e-03 2.376181e-04
[1] 1.500000e+03 7.735922e-01 2.647001e-01 4.094002e-02 3.988769e-03 3.088078e-04
[1] 1.600000e+03 8.147693e-01 3.039721e-01 4.990577e-02 5.016041e-03 3.942184e-04
[1] 1.700000e+03 8.495510e-01 3.438561e-01 5.988169e-02 6.209216e-03 4.954113e-04
[1] 1.800000e+03 8.785986e-01 3.838852e-01 7.085446e-02 7.579605e-03 6.139797e-04
[1] 1.900000e+03 9.026166e-01 4.236395e-01 8.280043e-02 9.137867e-03 7.515427e-04
[1] 2.000000e+03 9.223016e-01 4.627506e-01 9.568670e-02 1.089395e-02 9.097389e-04
[1] 2.100000e+03 9.383095e-01 5.009044e-01 1.094723e-01 1.285704e-02 1.090221e-03
[1] 2.200000e+03 9.512367e-01 5.378402e-01 1.241093e-01 1.503553e-02 1.294650e-03
[1] 2.300000e+03 9.616111e-01 5.733490e-01 1.395441e-01 1.743699e-02 1.524691e-03
[1] 2.400000e+03 9.698903e-01 6.072701e-01 1.557182e-01 2.006815e-02 1.782005e-03
[1] 2.500000e+03 9.764641e-01 6.394871e-01 1.725697e-01 2.293489e-02 2.068249e-03
[1] 2.600000e+03 9.816599e-01 6.699231e-01 1.900339e-01 2.604223e-02 2.385069e-03
[1] 2.700000e+03 9.857496e-01 6.985360e-01 2.080444e-01 2.939435e-02 2.734097e-03
[1] 2.800000e+03 9.889566e-01 7.253136e-01 2.265339e-01 3.299457e-02 3.116943e-03
[1] 2.900000e+03 9.914627e-01 7.502690e-01 2.454350e-01 3.684539e-02 3.535199e-03
[1] 3.000000e+03 9.934150e-01 7.734361e-01 2.646807e-01 4.094848e-02 3.990430e-03
[1] 3.100000e+03 9.949315e-01 7.948656e-01 2.842052e-01 4.530475e-02 4.484171e-03
[1] 3.200000e+03 9.961063e-01 8.146214e-01 3.039443e-01 4.991430e-02 5.017926e-03
[1] 3.300000e+03 9.970142e-01 8.327773e-01 3.238358e-01 5.477652e-02 5.593168e-03
[1] 3.400000e+03 9.977143e-01 8.494141e-01 3.438200e-01 5.989008e-02 6.211329e-03
[1] 3.500000e+03 9.982530e-01 8.646171e-01 3.638399e-01 6.525295e-02 6.873803e-03
[1] 3.600000e+03 9.986667e-01 8.784743e-01 3.838412e-01 7.086249e-02 7.581946e-03
[1] 3.700000e+03 9.989838e-01 8.910744e-01 4.037732e-01 7.671542e-02 8.337068e-03
[1] 3.800000e+03 9.992265e-01 9.025056e-01 4.235881e-01 8.280789e-02 9.140435e-03
[1] 3.900000e+03 9.994120e-01 9.128542e-01 4.432415e-01 8.913551e-02 9.993267e-03
[1] 4.000000e+03 9.995535e-01 9.222039e-01 4.626926e-01 9.569338e-02 1.089674e-02
[1] 4.100000e+03 9.996613e-01 9.306351e-01 4.819036e-01 1.024761e-01 1.185197e-02
[1] 4.200000e+03 9.997434e-01 9.382246e-01 5.008405e-01 1.094780e-01 1.286004e-02
[1] 4.300000e+03 9.998057e-01 9.450447e-01 5.194723e-01 1.166927e-01 1.392197e-02
[1] 4.400000e+03 9.998531e-01 9.511637e-01 5.377713e-01 1.241138e-01 1.503873e-02
[1] 4.500000e+03 9.998890e-01 9.566454e-01 5.557130e-01 1.317344e-01 1.621125e-02
[1] 4.600000e+03 9.999162e-01 9.615490e-01 5.732760e-01 1.395473e-01 1.744038e-02
[1] 4.700000e+03 9.999368e-01 9.659296e-01 5.904416e-01 1.475450e-01 1.872695e-02
[1] 4.800000e+03 9.999523e-01 9.698379e-01 6.071940e-01 1.557199e-01 2.007172e-02
[1] 4.900000e+03 9.999641e-01 9.733205e-01 6.235199e-01 1.640641e-01 2.147539e-02
[1] 5.000000e+03 9.999730e-01 9.764202e-01 6.394087e-01 1.725697e-01 2.293862e-02
[1] 5.100000e+03 9.999797e-01 9.791760e-01 6.548519e-01 1.812284e-01 2.446201e-02
[1] 5200.0000000    0.9999847    0.9816235    0.6698433    0.1900321    0.0260461
[1] 5300.0000000    0.9999885    0.9837949    0.6843787    0.1989723    0.0276914
[1] 5.400000e+03 9.999914e-01 9.857196e-01 6.984556e-01 2.080407e-01 2.939835e-02
[1] 5.500000e+03 9.999935e-01 9.874239e-01 7.120735e-01 2.172289e-01 3.116732e-02
[1] 5.600000e+03 9.999952e-01 9.889319e-01 7.252334e-01 2.265283e-01 3.299867e-02
[1] 5.700000e+03 9.999964e-01 9.902651e-01 7.379375e-01 2.359306e-01 3.489267e-02
[1] 5.800000e+03 9.999973e-01 9.914426e-01 7.501896e-01 2.454274e-01 3.684956e-02
[1] 5.900000e+03 9.999980e-01 9.924820e-01 7.619944e-01 2.550103e-01 3.886953e-02
[1] 6.000000e+03 9.999985e-01 9.933987e-01 7.733580e-01 2.646710e-01 4.095271e-02
[1] 6.100000e+03 9.999989e-01 9.942067e-01 7.842871e-01 2.744014e-01 4.309919e-02
[1] 6.200000e+03 9.999991e-01 9.949183e-01 7.947894e-01 2.841934e-01 4.530901e-02
[1] 6.300000e+03 9.999994e-01 9.955447e-01 8.048732e-01 2.940391e-01 4.758215e-02
[1] 6.400000e+03 9.999995e-01 9.960957e-01 8.145475e-01 3.039304e-01 4.991857e-02
[1] 6.500000e+03 9.999996e-01 9.965801e-01 8.238218e-01 3.138599e-01 5.231815e-02
[1] 6.600000e+03 9.999997e-01 9.970057e-01 8.327060e-01 3.238199e-01 5.478077e-02
[1] 6.700000e+03 9.999998e-01 9.973795e-01 8.412104e-01 3.338030e-01 5.730621e-02
[1] 6.800000e+03 9.999999e-01 9.977075e-01 8.493456e-01 3.438020e-01 5.989427e-02
[1] 6.900000e+03 9.999999e-01 9.979953e-01 8.571224e-01 3.538099e-01 6.254466e-02
[1] 7.000000e+03 9.999999e-01 9.982476e-01 8.645517e-01 3.638198e-01 6.525707e-02
[1] 7.100000e+03 9.999999e-01 9.984687e-01 8.716446e-01 3.738251e-01 6.803115e-02
[1] 7.200000e+03 1.0 9.986624e-01 8.784122e-01 3.838193e-01 7.086651e-02
[1] 7.300000e+03 1.0 9.988320e-01 8.848655e-01 3.937960e-01 7.376271e-02
[1] 7400.0000000    1.0    0.9989804    0.8910156    0.4037494    0.0767193
[1] 7.500000e+03 1.0 9.991103e-01 8.968735e-01 4.136734e-01 7.973578e-02
[1] 7.600000e+03 1.0 9.992239e-01 9.024501e-01 4.235624e-01 8.281162e-02
[1] 7.700000e+03 1.0 9.993231e-01 9.077561e-01 4.334111e-01 8.594624e-02
[1] 7.800000e+03 1.0 9.994099e-01 9.128020e-01 4.432142e-01 8.913905e-02
[1] 7.900000e+03 1.0 9.994857e-01 9.175983e-01 4.529666e-01 9.238943e-02
[1] 8.000000e+03 1.0 9.995518e-01 9.221550e-01 4.626636e-01 9.569672e-02
[1] 8.100000e+03 1.0 9.996096e-01 9.264822e-01 4.723005e-01 9.906022e-02
[1] 8200.0000000    1.0    0.9996600    0.9305895    0.4818731    0.1024792
[1] 8300.0000000    1.0    0.9997040    0.9344864    0.4913771    0.1059530
[1] 8400.0000000    1.0    0.9997424    0.9381821    0.5008086    0.1094808
[1] 8500.0000000    1.0    0.9997758    0.9416855    0.5101637    0.1130619
[1] 8600.0000000    1.0    0.9998049    0.9450053    0.5194390    0.1166953
[1] 8700.0000000    1.0    0.9998303    0.9481498    0.5286311    0.1203803
[1] 8800.0000000    1.0    0.9998525    0.9511272    0.5377369    0.1241161
[1] 8900.0000000    1.0    0.9998717    0.9539453    0.5467533    0.1279017
[1] 9000.0000000    1.0    0.9998885    0.9566117    0.5556775    0.1317363
[1] 9100.0000000    1.0    0.9999031    0.9591335    0.5645071    0.1356190
[1] 9200.0000000    1.0    0.9999158    0.9615180    0.5732395    0.1395488
[1] 9300.0000000    1.0    0.9999269    0.9637716    0.5818726    0.1435249
[1] 9400.0000000    1.0    0.9999365    0.9659011    0.5904043    0.1475462
[1] 9500.0000000    1.0    0.9999448    0.9679124    0.5988326    0.1516118
[1] 9600.0000000    1.0    0.9999521    0.9698117    0.6071559    0.1557207
[1] 9700.0000000    1.0    0.9999584    0.9716046    0.6153726    0.1598719
[1] 9800.0000000    1.0    0.9999639    0.9732965    0.6234813    0.1640645
[1] 9900.0000000    1.0    0.9999687    0.9748928    0.6314806    0.1682975
[1] 1.000000e+04 1.0 9.999728e-01 9.763983e-01 6.393695e-01 1.725697e-01
