[1] 1.000000e+02 2.273202e-05 1.510512e-06 9.734789e-08 6.178351e-09 3.891230e-10
[1] 2.000000e+02 3.302446e-04 2.337819e-05 1.555376e-06 1.003024e-07 6.367889e-09
[1] 3.000000e+02 1.488388e-03 1.121872e-04 7.704286e-06 5.048058e-07 3.230535e-08
[1] 4.000000e+02 4.169738e-03 3.344593e-04 2.370494e-05 1.578093e-06 1.017994e-07
[1] 5.000000e+02 9.012402e-03 7.688299e-04 5.623063e-05 3.803241e-06 2.473010e-07
[1] 6.000000e+02 1.654089e-02 1.499837e-03 1.131810e-04 7.777274e-06 5.097473e-07
[1] 7.000000e+02 2.712924e-02 2.613068e-03 2.034259e-04 1.420098e-05 9.382052e-07
[1] 8.000000e+02 4.099189e-02 4.191445e-03 3.365758e-04 2.386924e-05 1.589522e-06
[1] 9.000000e+02 5.819185e-02 6.312446e-03 5.227784e-04 3.766188e-05 2.527988e-06
[1] 1.000000e+03 7.865894e-02 9.046123e-03 7.725370e-04 5.653501e-05 3.825002e-06
[1] 1.100000e+03 1.022128e-01 1.245374e-02 1.096551e-03 8.151277e-05 5.558756e-06
[1] 1.200000e+03 1.285875e-01 1.658697e-02 1.505574e-03 1.136796e-04 7.813912e-06
[1] 1.300000e+03 1.574551e-01 2.148745e-02 2.010292e-03 1.541729e-04 1.068131e-05
[1] 1.400000e+03 1.884479e-01 2.718674e-02 2.621216e-03 2.041760e-04 1.425765e-05
[1] 1.500000e+03 2.211766e-01 3.370649e-02 3.348589e-03 2.649118e-04 1.864522e-05
[1] 1.600000e+03 2.552470e-01 4.105883e-02 4.202308e-03 3.376364e-04 2.395161e-05
[1] 1.700000e+03 2.902724e-01 4.924691e-02 5.191856e-03 4.236333e-04 3.028944e-05
[1] 1.800000e+03 3.258835e-01 5.826554e-02 6.326246e-03 5.242081e-04 3.777608e-05
[1] 1.900000e+03 3.617361e-01 6.810189e-02 7.613975e-03 6.406833e-04 4.653340e-05
[1] 2.000000e+03 3.975159e-01 7.873626e-02 9.062989e-03 7.743933e-04 5.668752e-05
[1] 2.100000e+03 4.329415e-01 9.014284e-02 1.068065e-02 9.266800e-04 6.836855e-05
[1] 2.200000e+03 4.677664e-01 1.022905e-01 1.247372e-02 1.098889e-03 8.171037e-05
[1] 2.300000e+03 5.017786e-01 1.151435e-01 1.444833e-02 1.292363e-03 9.685039e-05
[1] 2.400000e+03 5.348003e-01 1.286623e-01 1.661001e-02 1.508445e-03 1.139293e-04
[1] 2.500000e+03 5.666863e-01 1.428043e-01 1.896363e-02 1.748465e-03 1.330909e-04
[1] 2.600000e+03 5.973218e-01 1.575242e-01 2.151344e-02 2.013744e-03 1.544819e-04
[1] 2.700000e+03 6.266200e-01 1.727751e-01 2.426305e-02 2.305590e-03 1.782515e-04
[1] 2.800000e+03 6.545197e-01 1.885086e-01 2.721548e-02 2.625292e-03 2.045516e-04
[1] 2.900000e+03 6.809821e-01 2.046757e-01 3.037311e-02 2.974122e-03 2.335362e-04
[1] 3.000000e+03 7.059887e-01 2.212269e-01 3.373773e-02 3.353328e-03 2.653613e-04
[1] 3.100000e+03 7.295380e-01 2.381130e-01 3.731057e-02 3.764135e-03 3.001851e-04
[1] 3.200000e+03 7.516433e-01 2.552851e-01 4.109228e-02 4.207743e-03 3.381672e-04
[1] 3.300000e+03 7.723306e-01 2.726955e-01 4.508297e-02 4.685321e-03 3.794689e-04
[1] 3.400000e+03 7.916357e-01 2.902972e-01 4.928223e-02 5.198013e-03 4.242528e-04
[1] 3.500000e+03 8.096029e-01 3.080447e-01 5.368915e-02 5.746929e-03 4.726827e-04
[1] 3.600000e+03 8.262826e-01 3.258943e-01 5.830236e-02 6.333148e-03 5.249236e-04
[1] 3.700000e+03 8.417303e-01 3.438036e-01 6.312000e-02 6.957714e-03 5.811412e-04
[1] 3.800000e+03 8.560047e-01 3.617326e-01 6.813981e-02 7.621638e-03 6.415019e-04
[1] 3.900000e+03 8.691668e-01 3.796428e-01 7.335913e-02 8.325895e-03 7.061730e-04
[1] 4.000000e+03 8.812788e-01 3.974981e-01 7.877488e-02 9.071423e-03 7.753221e-04
[1] 4.100000e+03 8.924028e-01 4.152644e-01 8.438368e-02 9.859124e-03 8.491170e-04
[1] 4.200000e+03 9.026009e-01 4.329099e-01 9.018176e-02 1.068986e-02 9.277259e-04
[1] 4.300000e+03 9.119338e-01 4.504048e-01 9.616508e-02 1.156446e-02 1.011317e-03
[1] 4.400000e+03 9.204608e-01 4.677216e-01 1.023293e-01 1.248371e-02 1.100058e-03
[1] 4.500000e+03 9.282390e-01 4.848349e-01 1.086698e-01 1.344835e-02 1.194118e-03
[1] 4.600000e+03 9.353234e-01 5.017215e-01 1.151818e-01 1.445909e-02 1.293663e-03
[1] 4.700000e+03 9.417666e-01 5.183603e-01 1.218602e-01 1.551661e-02 1.398862e-03
[1] 4.800000e+03 9.476185e-01 5.347321e-01 1.286997e-01 1.662153e-02 1.509881e-03
[1] 4.900000e+03 9.529263e-01 5.508197e-01 1.356950e-01 1.777444e-02 1.626886e-03
[1] 5.000000e+03 9.577344e-01 5.666081e-01 1.428404e-01 1.897589e-02 1.750043e-03
[1] 5.100000e+03 9.620845e-01 5.820836e-01 1.501303e-01 2.022640e-02 1.879517e-03
[1] 5.200000e+03 9.660157e-01 5.972348e-01 1.575588e-01 2.152643e-02 2.015471e-03
[1] 5.300000e+03 9.695642e-01 6.120516e-01 1.651199e-01 2.287641e-02 2.158068e-03
[1] 5.400000e+03 9.727638e-01 6.265256e-01 1.728077e-01 2.427675e-02 2.307470e-03
[1] 5.500000e+03 9.756458e-01 6.406499e-01 1.806161e-01 2.572779e-02 2.463838e-03
[1] 5.600000e+03 9.782391e-01 6.544190e-01 1.885390e-01 2.722985e-02 2.627331e-03
[1] 5.700000e+03 9.805703e-01 6.678289e-01 1.965702e-01 2.878321e-02 2.798108e-03
[1] 5.800000e+03 9.826640e-01 6.808765e-01 2.047035e-01 3.038812e-02 2.976324e-03
[1] 5.900000e+03 9.845426e-01 6.935602e-01 2.129329e-01 3.204478e-02 3.162137e-03
[1] 6.000000e+03 9.862268e-01 7.058793e-01 2.212520e-01 3.375335e-02 3.355698e-03
[1] 6.100000e+03 9.877354e-01 7.178342e-01 2.296548e-01 3.551398e-02 3.557162e-03
[1] 6.200000e+03 9.890856e-01 7.294260e-01 2.381351e-01 3.732676e-02 3.766677e-03
[1] 6.300000e+03 9.902931e-01 7.406569e-01 2.466869e-01 3.919176e-02 3.984394e-03
[1] 6.400000e+03 9.913721e-01 7.515298e-01 2.553042e-01 4.110900e-02 4.210460e-03
[1] 6.500000e+03 9.923356e-01 7.620483e-01 2.639809e-01 4.307849e-02 4.445020e-03
[1] 6.600000e+03 9.931953e-01 7.722165e-01 2.727113e-01 4.510018e-02 4.688218e-03
[1] 6.700000e+03 9.939619e-01 7.820393e-01 2.814894e-01 4.717401e-02 4.940196e-03
[1] 6.800000e+03 9.946450e-01 7.915220e-01 2.903096e-01 4.929988e-02 5.201092e-03
[1] 6.900000e+03 9.952533e-01 8.006702e-01 2.991662e-01 5.147767e-02 5.471046e-03
[1] 7.000000e+03 9.957946e-01 8.094902e-01 3.080537e-01 5.370720e-02 5.750193e-03
[1] 7.100000e+03 9.962761e-01 8.179884e-01 3.169666e-01 5.598831e-02 6.038667e-03
[1] 7.200000e+03 9.967040e-01 8.261717e-01 3.258997e-01 5.832076e-02 6.336599e-03
[1] 7.300000e+03 9.970841e-01 8.340470e-01 3.348476e-01 6.070431e-02 6.644119e-03
[1] 7.400000e+03 9.974215e-01 8.416217e-01 3.438054e-01 6.313870e-02 6.961354e-03
[1] 7.500000e+03 9.977209e-01 8.489032e-01 3.527681e-01 6.562363e-02 7.288430e-03
[1] 7.600000e+03 9.979865e-01 8.558990e-01 3.617308e-01 6.815877e-02 7.625469e-03
[1] 7.700000e+03 9.982218e-01 8.626169e-01 3.706887e-01 7.074377e-02 7.972593e-03
[1] 7.800000e+03 9.984303e-01 8.690644e-01 3.796374e-01 7.337828e-02 8.329919e-03
[1] 7.900000e+03 9.986149e-01 8.752496e-01 3.885723e-01 7.606189e-02 8.697563e-03
[1] 8.000000e+03 9.987783e-01 8.811800e-01 3.974892e-01 7.879419e-02 9.075640e-03
[1] 8.100000e+03 9.989229e-01 8.868635e-01 4.063838e-01 8.157474e-02 9.464261e-03
[1] 8.200000e+03 9.990507e-01 8.923079e-01 4.152520e-01 8.440308e-02 9.863535e-03
[1] 8.300000e+03 9.991636e-01 8.975209e-01 4.240901e-01 8.727874e-02 1.027357e-02
[1] 8.400000e+03 9.992634e-01 9.025101e-01 4.328941e-01 9.020121e-02 1.069447e-02
[1] 8.500000e+03 9.993515e-01 9.072830e-01 4.416604e-01 9.316998e-02 1.112633e-02
[1] 8.600000e+03 9.994293e-01 9.118472e-01 4.503856e-01 9.618453e-02 1.156926e-02
[1] 8.700000e+03 9.994979e-01 9.162099e-01 4.590663e-01 9.924429e-02 1.202335e-02
[1] 8800.0000000    0.9995584    0.9203784    0.4676992    0.1023487    0.0124887
[1] 8900.0000000    0.9996117    0.9243598    0.4762812    0.1054972    0.0129654
[1] 9.000000e+03 9.996588e-01 9.281609e-01 4.848094e-01 1.086891e-01 1.345353e-02
[1] 9100.0000000    0.9997002    0.9317887    0.4932809    0.1119239    0.0139532
[1] 9.200000e+03 9.997366e-01 9.352497e-01 5.016930e-01 1.152009e-01 1.446447e-02
[1] 9.300000e+03 9.997687e-01 9.385504e-01 5.100432e-01 1.185196e-01 1.498744e-02
[1] 9.400000e+03 9.997970e-01 9.416971e-01 5.183289e-01 1.218791e-01 1.552218e-02
[1] 9.500000e+03 9.998218e-01 9.446961e-01 5.265479e-01 1.252790e-01 1.606877e-02
[1] 9.600000e+03 9.998437e-01 9.475532e-01 5.346980e-01 1.287184e-01 1.662729e-02
[1] 9700.0000000    0.9998629    0.9502743    0.5427770    0.1321968    0.0171978
[1] 9.800000e+03 9.998798e-01 9.528651e-01 5.507831e-01 1.357134e-01 1.778039e-02
[1] 9.900000e+03 9.998946e-01 9.553309e-01 5.587143e-01 1.392675e-01 1.837511e-02
[1] 1.000000e+04 9.999077e-01 9.576771e-01 5.665690e-01 1.428585e-01 1.898203e-02
